image_width: 1280
image_height: 720
camera_name: camera
camera_matrix:
  rows: 3
  cols: 3
  data: [899.15136,   0.     , 639.21951,
           0.     , 900.71038, 359.49067,
           0.     ,   0.     ,   1.     ]
distortion_model: plumb_bob
distortion_coefficients:
  rows: 1
  cols: 5
  data: [-0.065600, 0.139344, -0.001282, 0.002626, 0.000000]
rectification_matrix:
  rows: 3
  cols: 3
  data: [1., 0., 0.,
         0., 1., 0.,
         0., 0., 1.]
projection_matrix:
  rows: 3
  cols: 4
  data: [913.26562,   0.     , 642.18948,   0.     ,
           0.     , 916.40509, 357.97942,   0.     ,
           0.     ,   0.     ,   1.     ,   0.     ]
